#-90.00 -44.41
#-80.00 -45.00
-70.00 -20.00
-70.00 -35.00
-60.00 -35.00
-50.00 -35.00
-40.00 -38.00
-30.00 -40.00
-20.00 -40.00
-10.00 -43.00
0.00 -45.00
3.00 -109.28
10.00 -109.51
20.00 -110.31
30.00 -111.77
40.00 -114.07
50.00 -117.57
60.00 -122.87
70.00 -130.94
80.00 -142.93
90.00 -159.18
100.00 -177.38
100.00 -193.75
120.00 -206.38
130.00 -215.43
140.00 -221.72
150.00 -225.00
160.00 -225.00
170.00 -225.19
180.00 -228.30
190.00 -225.19
200.00 -220.00
210.00 -215.00
220.00 -200.00
225.00 -180.00
230.00 -180.00
240.00 -180.00
250.00 -165.00
260.00 -140.00
#270.00 -135.60
