-90.00 -44.41
-80.00 -24.72
-70.00 -20.00
-60.00 -5.00
-50.00 10.00
-40.00 22.00
-30.00 30.00
-20.00 36.00
-10.00 40.13
0.00 49.50
10.00 45.00
20.00 45.00
30.00 45.00
40.00 41.72
50.00 35.43
60.00 26.38
70.00 13.76
80.00 -2.61
90.00 -20.81
100.00 -37.06
110.00 -49.06
120.00 -57.12
130.00 -62.43
140.00 -65.93
150.00 -70.00
160.00 -74.94
170.00 -75.55
180.00 -75.75
190.00 -140.00
200.00 -140.00
210.00 -140.00
220.00 -140.00
230.00 -140.00
240.00 -140.00
250.00 -140.00
260.00 -135.00
270.00 -135.00
